1 1 2 -2383.1 1 -2379.0 1
2 2 3 -65.1 2 -67.3 2
3 3 4 1711.1 1 1708.3 1
4 4 5 -1352.0 1 -1354.7 1
5 5 6 616.1 2 618.0 2
6 6 7 90.1 1 91.2 1
7 7 1 1383.1 2 1383.1 2
8 2 5 294.1 4 286.5 4
9 5 7 706.2 3 709.4 3
10 7 2 -1000.2 4 -996.0 4
11 101 2 388.0 2 386.7 2
12 102 2 -455.2 4 -456.6 4
13 102 1 1928.0 3 1922.4 3
14 103 1 2006.1 3 1999.2 3
15 104 1 2059.8 2 2054.7 2
16 104 7 677.0 3 671.5 3
17 105 7 -131.1 3 -138.1 3
18 101 102 842.9 3 843.2 3
19 102 103 -77.9 2 -76.5 2
20 103 104 -54.2 3 -55.5 3
21 104 105 807.8 4 809.6 4
22 101 103 765.2 5 766.4 5
23 103 105 753.8 5 754.2 5